53836 	2 	10662 0.90
53837 	3 	9779 0.91
53838 	4 	9380 0.95
53839 	5 	8713 0.97
53840 	6 	8292 0.97
53841 	7 	8085 0.96
53842 	8 	7796 0.95
53843 	9 	7447 0.93
53844 	10 	7176 0.92
53846 	12 	6724 0.89
53847 	13 	6640 0.88
53848 	14 	6513 0.87
53849 	15 	6360 0.85
53850 	16 	6290 0.84
53852 	18 	6050 0.84
53854 	20 	5782 0.83
53857 	23 	5880 0.84
53858 	24 	5840 0.84
53859 	25 	5740 0.84
53860 	26 	5680 0.83
53861 	27 	5560 0.83
53862 	28 	5580 0.83
53866 	32 	5420 0.81
53867 	33 	5340 0.81
53870 	36 	5300 0.78
53886 	52 	4960 0.74
