53231 	3 	14644 4.53
53233 	5 	11420 3.61
53235 	7 	10140 3.35
53237 	9 	9500 3.21
53239 	11 	9120 3.06
53242 	14 	8900 2.93
53244 	16 	8680 2.70
53246 	18 	8500 2.55
53250 	22  8153 2.31
53251 	23 	8160 2.26
53253 	25 	8120 2.21
53255 	27 	8040 2.18
53257 	29 	7920 2.13
53259 	31 	7780 2.07
53263 	35 	7480 1.94
53265 	37 	7320 1.88
53267 	39 	7180 1.82
53269 	41 	7120 1.79
53271 	43 	7060 1.75
53273 	45 	7160 1.78
53276 	48 	6760 1.65
53279 	51 	6420 1.58
53282 	54 	6380 1.57
53285 	57 	6360 1.55
53288 	60 	6320 1.53
53292 	64 	6180 1.51
53301 	73 	5780 1.47
53309 	81 	5980 1.41
53329 	101 	5340 1.26
